0.000000 1.000000 2.000000 3.000000 
0.010000 0.977513 2.022469 3.020000 
0.020000 0.954997 2.045330 3.040225 
0.030000 0.932452 2.068585 3.060678 
0.040000 0.868850 2.095885 3.068387 
0.050000 0.805712 2.124667 3.076721 
0.060000 0.743027 2.154938 3.085714 
0.070000 0.680780 2.186702 3.095402 
0.080000 0.618958 2.219968 3.105817 
0.090000 0.557547 2.254744 3.116995 
0.100000 0.496532 2.291040 3.128970 
0.110000 0.435898 2.328867 3.141776 
0.120000 0.375631 2.368237 3.155449 
0.130000 0.315714 2.409163 3.170025 
0.140000 0.256133 2.451659 3.185539 
0.150000 0.196870 2.495742 3.202026 
0.160000 0.137908 2.541428 3.219523 
0.170000 0.079231 2.588735 3.238068 
0.180000 0.020822 2.637682 3.257697 
0.190000 -0.037338 2.688291 3.278447 
0.200000 -0.095267 2.740583 3.300357 
0.210000 -0.152983 2.794581 3.323465 
0.220000 -0.210505 2.850310 3.347811 
0.230000 -0.267853 2.907797 3.373434 
0.240000 -0.325047 2.967067 3.400375 
0.250000 -0.382106 3.028151 3.428674 
0.260000 -0.439052 3.091078 3.458372 
0.270000 -0.495905 3.155880 3.489513 
0.280000 -0.552687 3.222591 3.522139 
0.290000 -0.609419 3.291243 3.556293 
0.300000 -0.666125 3.361875 3.592021 
0.310000 -0.722826 3.434524 3.629367 
0.320000 -0.779546 3.509228 3.668379 
0.330000 -0.836309 3.586029 3.709102 
0.340000 -0.893139 3.664970 3.751585 
0.350000 -0.950060 3.746094 3.795878 
0.360000 -1.007098 3.829448 3.842029 
0.370000 -1.064278 3.915080 3.890091 
0.380000 -1.121626 4.003039 3.940115 
0.390000 -1.179170 4.093376 3.992155 
0.400000 -1.236935 4.186145 4.046265 
0.410000 -1.294951 4.281401 4.102501 
0.420000 -1.353244 4.379202 4.160919 
0.430000 -1.411845 4.479605 4.221580 
0.440000 -1.470783 4.582673 4.284541 
0.450000 -1.530087 4.688468 4.349864 
0.460000 -1.589788 4.797057 4.417611 
0.470000 -1.649918 4.908506 4.487847 
0.480000 -1.710509 5.022886 4.560637 
0.490000 -1.771593 5.140268 4.636049 
0.500000 -1.833203 5.260727 4.714150 
0.510000 -1.895374 5.384339 4.795012 
0.520000 -1.958140 5.511185 4.878706 
0.530000 -2.021537 5.641345 4.965308 
0.540000 -2.085601 5.774905 5.054892 
0.550000 -2.150369 5.911951 5.147537 
0.560000 -2.215878 6.052572 5.243323 
0.570000 -2.282168 6.196861 5.342331 
0.580000 -2.349277 6.344914 5.444646 
0.590000 -2.417247 6.496828 5.550354 
0.600000 -2.486118 6.652705 5.659543 
0.610000 -2.555932 6.812648 5.772304 
0.620000 -2.626733 6.976765 5.888731 
0.630000 -2.698564 7.145167 6.008918 
0.640000 -2.771471 7.317967 6.132965 
0.650000 -2.845499 7.495282 6.260972 
0.660000 -2.920696 7.677232 6.393042 
0.670000 -2.997109 7.863942 6.529282 
0.680000 -3.074789 8.055540 6.669801 
0.690000 -3.153785 8.252156 6.814711 
0.700000 -3.234149 8.453927 6.964126 
0.710000 -3.315934 8.660990 7.118165 
0.720000 -3.399193 8.873490 7.276950 
0.730000 -3.483983 9.091573 7.440604 
0.740000 -3.570360 9.315391 7.609256 
0.750000 -3.658381 9.545099 7.783037 
0.760000 -3.748106 9.780859 7.962083 
0.770000 -3.839596 10.022834 8.146531 
0.780000 -3.932912 10.271194 8.336524 
0.790000 -4.028120 10.526113 8.532209 
0.800000 -4.125283 10.787771 8.733736 
0.810000 -4.224469 11.056352 8.941259 
0.820000 -4.325747 11.332045 9.154937 
0.830000 -4.429186 11.615046 9.374934 
0.840000 -4.534858 11.905553 9.601415 
0.850000 -4.642838 12.203774 9.834554 
0.860000 -4.753200 12.509920 10.074528 
0.870000 -4.866022 12.824209 10.321517 
0.880000 -4.981384 13.146864 10.575708 
0.890000 -5.099366 13.478115 10.837294 
0.900000 -5.220052 13.818198 11.106471 
0.910000 -5.343529 14.167357 11.383442 
0.920000 -5.469882 14.525841 11.668414 
0.930000 -5.599202 14.893906 11.961601 
0.940000 -5.731582 15.271818 12.263223 
0.950000 -5.867116 15.659846 12.573506 
0.960000 -6.005900 16.058269 12.892681 
0.970000 -6.148034 16.467374 13.220986 
0.980000 -6.293621 16.887455 13.558667 
0.990000 -6.442765 17.318814 13.905974 
1.000000 -6.595572 17.761763 14.263167 
1.010000 -6.752154 18.216620 14.630511 
1.020000 -6.912623 18.683714 15.008279 
1.030000 -7.077095 19.163382 15.396751 
1.040000 -7.245689 19.655971 15.796215 
1.050000 -7.418527 20.161837 16.206968 
1.060000 -7.595734 20.681346 16.629313 
1.070000 -7.777439 21.214875 17.063564 
1.080000 -7.963774 21.762809 17.510042 
1.090000 -8.154873 22.325546 17.969077 
1.100000 -8.350876 22.903495 18.441007 
1.110000 -8.551926 23.497073 18.926182 
1.120000 -8.758168 24.106713 19.424960 
1.130000 -8.969753 24.732857 19.937709 
1.140000 -9.186835 25.375960 20.464808 
1.150000 -9.409573 26.036490 21.006643 
1.160000 -9.638129 26.714927 21.563616 
1.170000 -9.872669 27.411764 22.136137 
1.180000 -10.113365 28.127508 22.724627 
1.190000 -10.360393 28.862682 23.329519 
1.200000 -10.613933 29.617819 23.951259 
1.210000 -10.874171 30.393471 24.590304 
1.220000 -11.141297 31.190202 25.247124 
1.230000 -11.415506 32.008594 25.922203 
1.240000 -11.696999 32.849242 26.616037 
1.250000 -11.985982 33.712761 27.329136 
1.260000 -12.282666 34.599780 28.062023 
1.270000 -12.587270 35.510947 28.815238 
1.280000 -12.900015 36.446926 29.589334 
1.290000 -13.221132 37.408401 30.384880 
1.300000 -13.550854 38.396074 31.202459 
1.310000 -13.889425 39.410667 32.042673 
1.320000 -14.237091 40.452920 32.906137 
1.330000 -14.594109 41.523596 33.793487 
1.340000 -14.960739 42.623476 34.705373 
1.350000 -15.337251 43.753365 35.642464 
1.360000 -15.723920 44.914089 36.605449 
1.370000 -16.121030 46.106496 37.595034 
1.380000 -16.528873 47.331459 38.611944 
1.390000 -16.947748 48.589873 39.656927 
1.400000 -17.377961 49.882659 40.730748 
1.410000 -17.819829 51.210762 41.834196 
1.420000 -18.273675 52.575155 42.968080 
1.430000 -18.739833 53.976836 44.133230 
1.440000 -19.218645 55.416830 45.330503 
1.450000 -19.710462 56.896192 46.560775 
1.460000 -20.215644 58.416005 47.824950 
1.470000 -20.734564 59.977381 49.123954 
1.480000 -21.267600 61.581464 50.458739 
1.490000 -21.815145 63.229427 51.830284 
1.500000 -22.377601 64.922478 53.239595 
1.510000 -22.955380 66.661857 54.687705 
1.520000 -23.548906 68.448838 56.175677 
1.530000 -24.158615 70.284728 57.704599 
1.540000 -24.784954 72.170875 59.275594 
1.550000 -25.428383 74.108658 60.889814 
1.560000 -26.089375 76.099498 62.548441 
1.570000 -26.768413 78.144853 64.252691 
1.580000 -27.465998 80.246221 66.003814 
1.590000 -28.182640 82.405144 67.803093 
1.600000 -28.918866 84.623202 69.651848 
1.610000 -29.675215 86.902021 71.551433 
1.620000 -30.452244 89.243271 73.503241 
1.630000 -31.250522 91.648667 75.508703 
1.640000 -32.070636 94.119974 77.569288 
1.650000 -32.913186 96.659002 79.686508 
1.660000 -33.778792 99.267612 81.861913 
1.670000 -34.668088 101.947716 84.097100 
1.680000 -35.581728 104.701279 86.393705 
1.690000 -36.520382 107.530319 88.753413 
1.700000 -37.484739 110.436910 91.177953 
1.710000 -38.475506 113.423184 93.669102 
1.720000 -39.493410 116.491328 96.228687 
1.730000 -40.539199 119.643594 98.858583 
1.740000 -41.613639 122.882291 101.560719 
1.750000 -42.717520 126.209794 104.337075 
1.760000 -43.851652 129.628544 107.189686 
1.770000 -45.016866 133.141046 110.120644 
1.780000 -46.214018 136.749876 113.132096 
1.790000 -47.443986 140.457680 116.226251 
1.800000 -48.707672 144.267177 119.405376 
1.810000 -50.006004 148.181160 122.671803 
1.820000 -51.339935 152.202500 126.027924 
1.830000 -52.710444 156.334145 129.476202 
1.840000 -54.118535 160.579124 133.019163 
1.850000 -55.565242 164.940552 136.659404 
1.860000 -57.051627 169.421625 140.399595 
1.870000 -58.578780 174.025631 144.242478 
1.880000 -60.147822 178.755945 148.190869 
1.890000 -61.759904 183.616037 152.247663 
1.900000 -63.416208 188.609470 156.415834 
1.910000 -65.117950 193.739907 160.698437 
1.920000 -66.866378 199.011110 165.098614 
1.930000 -68.662776 204.426946 169.619588 
1.940000 -70.508461 209.991385 174.264676 
1.950000 -72.404787 215.708509 179.037282 
1.960000 -74.353145 221.582510 183.940906 
1.970000 -76.354966 227.617698 188.979142 
1.980000 -78.411716 233.818497 194.155684 
1.990000 -80.524906 240.189456 199.474328 
2.000000 -82.696086 246.735248 204.938973 
2.010000 -84.926848 253.460673 210.553626 
2.020000 -87.218829 260.370664 216.322403 
2.030000 -89.573711 267.470288 222.249534 
2.040000 -91.993220 274.764754 228.339365 
2.050000 -94.479132 282.259411 234.596361 
2.060000 -97.033271 289.959755 241.025109 
2.070000 -99.657509 297.871436 247.630324 
2.080000 -102.353773 306.000255 254.416848 
2.090000 -105.124041 314.352175 261.389657 
2.100000 -107.970343 322.933321 268.553865 
2.110000 -110.894769 331.749988 275.914723 
2.120000 -113.899463 340.808642 283.477631 
2.130000 -116.986630 350.115927 291.248132 
2.140000 -120.158534 359.678670 299.231926 
2.150000 -123.417503 369.503884 307.434865 
2.160000 -126.765926 379.598778 315.862966 
2.170000 -130.206259 389.970753 324.522408 
2.180000 -133.741027 400.627419 333.419541 
2.190000 -137.372823 411.576592 342.560890 
2.200000 -141.104310 422.826302 351.953157 
2.210000 -144.938225 434.384801 361.603230 
2.220000 -148.877381 446.260567 371.518185 
2.230000 -152.924668 458.462310 381.705293 
2.240000 -157.083054 470.998981 392.172024 
2.250000 -161.355589 483.879774 402.926055 
2.260000 -165.745407 497.114138 413.975269 
2.270000 -170.255729 510.711780 425.327772 
2.280000 -174.889862 524.682673 436.991887 
2.290000 -179.651206 539.037065 448.976168 
2.300000 -184.543254 553.785485 461.289405 
2.310000 -189.569594 568.938750 473.940625 
2.320000 -194.733912 584.507976 486.939109 
2.330000 -200.039997 600.504581 500.294387 
2.340000 -205.491740 616.940300 514.016253 
2.350000 -211.093141 633.827188 528.114772 
2.360000 -216.848309 651.177630 542.600282 
2.370000 -222.761464 669.004355 557.483406 
2.380000 -228.836943 687.320437 572.775059 
2.390000 -235.079205 706.139311 588.486456 
2.400000 -241.492826 725.474781 604.629119 
2.410000 -248.082511 745.341028 621.214886 
2.420000 -254.853094 765.752626 638.255921 
2.430000 -261.809542 786.724545 655.764722 
2.440000 -268.956955 808.272169 673.754130 
2.450000 -276.300578 830.411302 692.237337 
2.460000 -283.845796 853.158183 711.227900 
2.470000 -291.598145 876.529497 730.739745 
2.480000 -299.563309 900.542388 750.787183 
2.490000 -307.747132 925.214467 771.384916 
2.500000 -316.155616 950.563832 792.548051 
2.510000 -324.794929 976.609078 814.292109 
2.520000 -333.671407 1003.369307 836.633037 
2.530000 -342.791562 1030.864148 859.587220 
2.540000 -352.162083 1059.113769 883.171494 
2.550000 -361.789842 1088.138891 907.403155 
2.560000 -371.681903 1117.960803 932.299974 
2.570000 -381.845520 1148.601380 957.880213 
2.580000 -392.288148 1180.083096 984.162631 
2.590000 -403.017448 1212.429043 1011.166506 
2.600000 -414.041288 1245.662948 1038.911641 
2.610000 -425.367754 1279.809186 1067.418387 
2.620000 -437.005155 1314.892805 1096.707651 
2.630000 -448.962026 1350.939537 1126.800915 
2.640000 -461.247137 1387.975823 1157.720249 
2.650000 -473.869500 1426.028829 1189.488332 
2.660000 -486.838372 1465.126466 1222.128463 
2.670000 -500.163266 1505.297414 1255.664581 
2.680000 -513.853956 1546.571136 1290.121284 
2.690000 -527.920483 1588.977907 1325.523843 
2.700000 -542.373165 1632.548833 1361.898223 
2.710000 -557.222603 1677.315872 1399.271104 
2.720000 -572.479688 1723.311861 1437.669896 
2.730000 -588.155612 1770.570538 1477.122763 
2.740000 -604.261873 1819.126567 1517.658641 
2.750000 -620.810284 1869.015564 1559.307262 
2.760000 -637.812983 1920.274122 1602.099172 
2.770000 -655.282441 1972.939840 1646.065758 
2.780000 -673.231472 2027.051346 1691.239266 
2.790000 -691.673242 2082.648333 1737.652829 
2.800000 -710.621276 2139.771579 1785.340490 
2.810000 -730.089474 2198.462986 1834.337226 
2.820000 -750.092114 2258.765603 1884.678973 
2.830000 -770.643868 2320.723661 1936.402654 
2.840000 -791.759812 2384.382607 1989.546208 
2.850000 -813.455432 2449.789134 2044.148613 
2.860000 -835.746642 2516.991219 2100.249918 
2.870000 -858.649793 2586.038153 2157.891270 
2.880000 -882.181684 2656.980582 2217.114948 
2.890000 -906.359575 2729.870542 2277.964390 
2.900000 -931.201200 2804.761498 2340.484226 
2.910000 -956.724780 2881.708382 2404.720314 
2.920000 -982.949036 2960.767634 2470.719768 
2.930000 -1009.893203 3041.997245 2538.530996 
2.940000 -1037.577045 3125.456795 2608.203737 
2.950000 -1066.020867 3211.207502 2679.789092 
2.960000 -1095.245532 3299.312265 2753.339567 
2.970000 -1125.272477 3389.835706 2828.909110 
2.980000 -1156.123725 3482.844226 2906.553148 
2.990000 -1187.821906 3578.406046 2986.328632 
3.000000 -1220.390270 3676.591259 3068.294074 
3.010000 -1253.852704 3777.471885 3152.509594 
3.020000 -1288.233754 3881.121919 3239.036961 
3.030000 -1323.558638 3987.617388 3327.939642 
3.040000 -1359.853265 4097.036407 3419.282844 
3.050000 -1397.144258 4209.459232 3513.133565 
3.060000 -1435.458969 4324.968327 3609.560643 
3.070000 -1474.825501 4443.648417 3708.634804 
3.080000 -1515.272729 4565.586554 3810.428717 
3.090000 -1556.830321 4690.872178 3915.017045 
3.100000 -1599.528759 4819.597186 4022.476503 
3.110000 -1643.399361 4951.855997 4132.885909 
3.120000 -1688.474306 5087.745623 4246.326245 
3.130000 -1734.786657 5227.365739 4362.880719 
3.140000 -1782.370381 5370.818755 4482.634821 
3.150000 -1831.260383 5518.209894 4605.676388 
3.160000 -1881.492522 5669.647266 4732.095668 
3.170000 -1933.103642 5825.241951 4861.985388 
3.180000 -1986.131600 5985.108076 4995.440819 
3.190000 -2040.615292 6149.362902 5132.559849 
3.200000 -2096.594680 6318.126911 5273.443053 
3.210000 -2154.110826 6491.523889 5418.193765 
3.220000 -2213.205915 6669.681024 5566.918157 
3.230000 -2273.923294 6852.728991 5719.725317 
3.240000 -2336.307500 7040.802058 5876.727327 
3.250000 -2400.404288 7234.038173 6038.039344 
3.260000 -2466.260676 7432.579077 6203.779689 
3.270000 -2533.924966 7636.570396 6374.069930 
3.280000 -2603.446790 7846.161759 6549.034972 
3.290000 -2674.877143 8061.506900 6728.803149 
3.300000 -2748.268416 8282.763773 6913.506319 
3.310000 -2823.674443 8510.094671 7103.279959 
3.320000 -2901.150533 8743.666338 7298.263265 
3.330000 -2980.753514 8983.650100 7498.599255 
3.340000 -3062.541773 9230.221983 7704.434874 
3.350000 -3146.575303 9483.562847 7915.921097 
3.360000 -3232.915740 9743.858516 8133.213049 
3.370000 -3321.626415 10011.299917 8356.470111 
3.380000 -3412.772397 10286.083217 8585.856037 
3.390000 -3506.420539 10568.409967 8821.539081 
3.400000 -3602.639533 10858.487255 9063.692113 
3.410000 -3701.499953 11156.527850 9312.492749 
3.420000 -3803.074314 11462.750364 9568.123483 
3.430000 -3907.437120 11777.379410 9830.771815 
3.440000 -4014.664919 12100.645767 10100.630397 
3.450000 -4124.836363 12432.786551 10377.897166 
3.460000 -4238.032260 12774.045384 10662.775494 
3.470000 -4354.335641 13124.672580 10955.474338 
3.480000 -4473.831812 13484.925321 11256.208388 
3.490000 -4596.608423 13855.067852 11565.198230 
3.500000 -4722.755529 14235.371671 11882.670505 
3.510000 -4852.365659 14626.115729 12208.858076 
3.520000 -4985.533881 15027.586636 12544.000198 
3.530000 -5122.357872 15440.078869 12888.342696 
3.540000 -5262.937992 15863.894989 13242.138140 
3.550000 -5407.377356 16299.345865 13605.646037 
3.560000 -5555.781909 16746.750896 13979.133016 
3.570000 -5708.260505 17206.438254 14362.873028 
3.580000 -5864.924985 17678.745118 14757.147541 
3.590000 -6025.890262 18164.017922 15162.245754 
3.600000 -6191.274403 18662.612612 15578.464801 
3.610000 -6361.198716 19174.894905 16006.109977 
3.620000 -6535.787840 19701.240560 16445.494955 
3.630000 -6715.169834 20242.035647 16896.942022 
3.640000 -6899.476274 20797.676839 17360.782309 
3.650000 -7088.842348 21368.571695 17837.356040 
3.660000 -7283.406955 21955.138966 18327.012778 
3.670000 -7483.312805 22557.808895 18830.111683 
3.680000 -7688.706530 23177.023540 19347.021773 
3.690000 -7899.738784 23813.237090 19878.122199 
3.700000 -8116.564359 24466.916208 20423.802520 
3.710000 -8339.342293 25138.540363 20984.462986 
3.720000 -8568.235994 25828.602190 21560.514840 
3.730000 -8803.413354 26537.607845 22152.380610 
3.740000 -9045.046874 27266.077383 22760.494426 
3.750000 -9293.313791 28014.545132 23385.302337 
3.760000 -9548.396207 28783.560091 24027.262633 
3.770000 -9810.481223 29573.686329 24686.846188 
3.780000 -10079.761079 30385.503400 25364.536803 
3.790000 -10356.433288 31219.606770 26060.831560 
3.800000 -10640.700788 32076.608250 26776.241185 
3.810000 -10932.772088 32957.136447 27511.290428 
3.820000 -11232.861421 33861.837225 28266.518441 
3.830000 -11541.188901 34791.374179 29042.479181 
3.840000 -11857.980683 35746.429120 29839.741810 
3.850000 -12183.469134 36727.702577 30658.891114 
3.860000 -12517.892997 37735.914311 31500.527935 
3.870000 -12861.497570 38771.803841 32365.269608 
3.880000 -13214.534886 39836.130987 33253.750416 
3.890000 -13577.263895 40929.676431 34166.622054 
3.900000 -13949.950658 42053.242282 35104.554109 
3.910000 -14332.868537 43207.652672 36068.234548 
3.920000 -14726.298402 44393.754357 37058.370226 
3.930000 -15130.528832 45612.417338 38075.687400 
3.940000 -15545.856326 46864.535498 39120.932267 
3.950000 -15972.585527 48151.027262 40194.871509 
3.960000 -16411.029437 49472.836267 41298.292854 
3.970000 -16861.509653 50830.932054 42432.005655 
3.980000 -17324.356600 52226.310780 43596.841485 
3.990000 -17799.909774 53659.995952 44793.654744 
4.000000 -18288.517990 55133.039171 46023.323288 
4.010000 -18790.539642 56646.520908 47286.749072 
4.020000 -19306.342958 58201.551297 48584.858813 
4.030000 -19836.306279 59799.270947 49918.604667 
4.040000 -20380.818329 61440.851778 51288.964930 
4.050000 -20940.278506 63127.497883 52696.944753 
4.060000 -21515.097171 64860.446410 54143.576883 
4.070000 -22105.695951 66640.968472 55629.922417 
4.080000 -22712.508048 68470.370073 57157.071581 
4.090000 -23335.978554 70349.993072 58726.144532 
4.100000 -23976.564784 72281.216166 60338.292177 
4.110000 -24634.736603 74265.455899 61994.697018 
4.120000 -25310.976778 76304.167702 63696.574019 
4.130000 -26005.781328 78398.846964 65445.171499 
4.140000 -26719.659888 80551.030123 67241.772045 
4.150000 -27453.136086 82762.295797 69087.693456 
4.160000 -28206.747923 85034.265940 70984.289704 
4.170000 -28981.048169 87368.607035 72932.951936 
4.180000 -29776.604771 89767.031309 74935.109484 
4.190000 -30594.001265 92231.298000 76992.230921 
4.200000 -31433.837209 94763.214635 79105.825137 
4.210000 -32296.728617 97364.638367 81277.442443 
4.220000 -33183.308418 100037.477330 83508.675709 
4.230000 -34094.226912 102783.692039 85801.161534 
4.240000 -35030.152256 105605.296833 88156.581447 
4.250000 -35991.770946 108504.361348 90576.663136 
4.260000 -36979.788325 111483.012036 93063.181721 
4.270000 -37994.929099 114543.433725 95617.961050 
4.280000 -39037.937871 117687.871224 98242.875043 
4.290000 -40109.579681 120918.630964 100939.849062 
4.300000 -41210.640575 124238.082695 103710.861325 
4.310000 -42341.928176 127648.661221 106557.944357 
4.320000 -43504.272278 131152.868189 109483.186480 
4.330000 -44698.525457 134753.273921 112488.733346 
4.340000 -45925.563690 138452.519299 115576.789510 
4.350000 -47186.287007 142253.317707 118749.620048 
4.360000 -48481.620141 146158.457014 122009.552215 
4.370000 -49812.513214 150170.801624 125358.977159 
4.380000 -51179.942431 154293.294577 128800.351666 
4.390000 -52584.910794 158528.959705 132336.199970 
4.400000 -54028.448842 162880.903852 135969.115600 
4.410000 -55511.615405 167352.319151 139701.763284 
4.420000 -57035.498378 171946.485368 143536.880901 
4.430000 -58601.215523 176666.772306 147477.281494 
4.440000 -60209.915287 181516.642276 151525.855330 
4.450000 -61862.777644 186499.652639 155685.572019 
4.460000 -63561.014963 191619.458414 159959.482695 
4.470000 -65305.872892 196879.814958 164350.722254 
4.480000 -67098.631278 202284.580721 168862.511650 
4.490000 -68940.605102 207837.720077 173498.160262 
4.500000 -70833.145443 213543.306234 178261.068317 
4.510000 -72777.640472 219405.524215 183154.729388 
4.520000 -74775.516468 225428.673934 188182.732955 
4.530000 -76828.238864 231617.173348 193348.767036 
4.540000 -78937.313325 237975.561697 198656.620895 
4.550000 -81104.286846 244508.502834 204110.187821 
4.560000 -83330.748895 251220.788644 209713.467981 
4.570000 -85618.332572 258117.342563 215470.571358 
4.580000 -87968.715810 265203.223187 221385.720762 
4.590000 -90383.622606 272483.627980 227463.254930 
4.600000 -92864.824282 279963.897091 233707.631708 
4.610000 -95414.140792 287649.517268 240123.431320 
4.620000 -98033.442047 295546.125882 246715.359727 
4.630000 -100724.649295 303659.515066 253488.252082 
4.640000 -103489.736524 311995.635957 260447.076272 
4.650000 -106330.731916 320560.603068 267596.936567 
4.660000 -109249.719328 329360.698767 274943.077357 
4.670000 -112248.839825 338402.377892 282490.887007 
4.680000 -115330.293251 347692.272477 290245.901804 
4.690000 -118496.339839 357237.196623 298213.810018 
4.700000 -121749.301870 367044.151495 306400.456078 
4.710000 -125091.565379 377120.330456 314811.844853 
4.720000 -128525.581904 387473.124342 323454.146063 
4.730000 -132053.870280 398110.126888 332333.698799 
4.740000 -135679.018493 409039.140292 341457.016177 
4.750000 -139403.685575 420268.180942 350830.790112 
4.760000 -143230.603553 431805.485297 360461.896229 
4.770000 -147162.579456 443659.515922 370357.398904 
4.780000 -151202.497373 455838.967703 380524.556447 
4.790000 -155353.320567 468352.774219 390970.826427 
4.800000 -159618.093650 481210.114298 401703.871140 
4.810000 -163999.944816 494420.418748 412731.563229 
4.820000 -168502.088134 507993.377275 424061.991462 
4.830000 -173127.825909 521938.945591 435703.466662 
4.840000 -177880.551101 536267.352715 447664.527802 
4.850000 -182763.749813 550989.108477 459953.948271 
4.860000 -187781.003854 566115.011226 472580.742311 
4.870000 -192935.993357 581656.155754 485554.171622 
4.880000 -198232.499488 597623.941427 498883.752161 
4.890000 -203674.407212 614030.080553 512579.261122 
4.900000 -209265.708146 630886.606971 526650.744105 
4.910000 -215010.503487 648205.884876 541108.522485 
4.920000 -220913.007020 666000.617891 555963.200983 
4.930000 -226977.548206 684283.858381 571225.675447 
4.940000 -233208.575363 703069.017031 586907.140838 
4.950000 -239610.658924 722369.872681 603019.099449 
4.960000 -246188.494791 742200.582433 619573.369334 
4.970000 -252946.907780 762575.692032 636582.092985 
4.980000 -259890.855161 783510.146543 654057.746231 
4.990000 -267025.430290 805019.301305 672013.147393 
5.000000 -274355.866350 827118.933197 690461.466685 
5.010000 -281887.540187 849825.252212 709416.235874 
5.020000 -289625.976252 873154.913346 728891.358207 
5.030000 -297576.850658 897125.028813 748901.118608 
5.040000 -305745.995339 921753.180599 769460.194155 
5.050000 -314139.402330 947057.433354 790583.664847 
5.060000 -322763.228162 973056.347648 812287.024665 
5.070000 -331623.798376 999768.993583 834586.192936 
5.080000 -340727.612164 1027214.964779 857497.526009 
5.090000 -350081.347139 1055414.392746 881037.829255 
5.100000 -359691.864227 1084387.961655 905224.369392 
5.110000 -369566.212704 1114156.923503 930074.887150 
5.120000 -379711.635365 1144743.113707 955607.610284 
5.130000 -390135.573837 1176168.967116 981841.266943 
5.140000 -400845.674037 1208457.534469 1008795.099410 
5.150000 -411849.791781 1241632.499303 1036488.878212 
5.160000 -423155.998546 1275718.195324 1064942.916624 
5.170000 -434772.587389 1310739.624255 1094178.085570 
5.180000 -446708.079031 1346722.474176 1124215.828930 
5.190000 -458971.228108 1383693.138365 1155078.179266 
5.200000 -471571.029592 1421678.734658 1186787.773991 
5.210000 -484516.725385 1460707.125340 1219367.871963 
5.220000 -497817.811105 1500806.937582 1252842.370556 
5.230000 -511484.043044 1542007.584437 1287235.823179 
5.240000 -525525.445330 1584339.286417 1322573.457292 
5.250000 -539952.317275 1627833.093659 1358881.192910 
5.260000 -554775.240933 1672520.908697 1396185.661609 
5.270000 -570005.088858 1718435.509869 1434514.226071 
5.280000 -585653.032083 1765610.575352 1473895.000142 
5.290000 -601730.548313 1814080.707870 1514356.869464 
5.300000 -618249.430341 1863881.460075 1555929.512656 
5.310000 -635221.794703 1915049.360621 1598643.423086 
5.320000 -652660.090559 1967621.940961 1642529.931237 
5.330000 -670577.108831 2021637.762876 1687621.227688 
5.340000 -688985.991580 2077136.446757 1733950.386724 
5.350000 -707900.241648 2134158.700669 1781551.390599 
5.360000 -727333.732563 2192746.350212 1830459.154459 
5.370000 -747300.718712 2252942.369193 1880709.551955 
5.380000 -767815.845802 2314790.911156 1932339.441552 
5.390000 -788894.161595 2378337.341761 1985386.693570 
5.400000 -810551.126954 2443628.272065 2039890.217955 
5.410000 -832802.627176 2510711.592706 2095889.992827 
5.420000 -855664.983648 2579636.509036 2153427.093797 
5.430000 -879154.965818 2650453.577209 2212543.724099 
5.440000 -903289.803494 2723214.741263 2273283.245547 
5.450000 -928087.199485 2797973.371226 2335690.210337 
5.460000 -953565.342581 2874784.302257 2399810.393731 
5.470000 -979742.920900 2953703.874871 2465690.827628 
5.480000 -1006639.135591 3034789.976262 2533379.835064 
5.490000 -1034273.714921 3118102.082766 2602927.065657 
5.500000 -1062666.928745 3203701.303484 2674383.532024 
5.510000 -1091839.603371 3291650.425105 2747801.647199 
5.520000 -1121813.136842 3382013.957964 2823235.263078 
5.530000 -1152609.514625 3474858.183354 2900739.709918 
5.540000 -1184251.325742 3570251.202148 2980371.836923 
5.550000 -1216761.779334 3668262.984748 3062190.053942 
5.560000 -1250164.721692 3768965.422411 3146254.374313 
5.570000 -1284484.653740 3872432.379976 3232626.458880 
5.580000 -1319746.749013 3978739.750047 3321369.661225 
5.590000 -1355976.872118 4087965.508661 3412549.074133 
5.600000 -1393201.597707 4200189.772481 3506231.577344 
5.610000 -1431448.229968 4315494.857560 3602485.886600 
5.620000 -1470744.822655 4433965.339722 3701382.604056 
5.630000 -1511120.199663 4555688.116600 3802994.270061 
5.640000 -1552603.976170 4680752.471368 3907395.416370 
5.650000 -1595226.580363 4809250.138236 4014662.620809 
5.660000 -1639019.275753 4941275.369736 4124874.563447 
5.670000 -1684014.184108 5076925.005854 4238112.084307 
5.680000 -1730244.309015 5216298.545062 4354458.242661 
5.690000 -1777743.560089 5359498.217300 4473998.377956 
5.700000 -1826546.777841 5506629.058961 4596820.172406 
5.710000 -1876689.759239 5657798.989939 4723013.715310 
5.720000 -1928209.283961 5813118.892778 4852671.569133 
5.730000 -1981143.141373 5972702.694016 4985888.837396 
5.740000 -2035530.158252 6136667.447738 5122763.234437 
5.750000 -2091410.227259 6305133.421446 5263395.157085 
5.760000 -2148824.336203 6478224.184264 5407887.758296 
5.770000 -2207814.598105 6656066.697584 5556347.022823 
5.780000 -2268424.282090 6838791.408186 5708881.844946 
5.790000 -2330697.845120 7026532.343924 5865604.108353 
5.800000 -2394680.964609 7219427.212034 6026628.768205 
5.810000 -2460420.571919 7417617.500137 6192073.935451 
5.820000 -2527964.886794 7621248.580029 6362060.963466 
5.830000 -2597363.452721 7830469.814301 6536714.537062 
5.840000 -2668667.173274 8045434.665903 6716162.763943 
5.850000 -2741928.349449 8266300.810703 6900537.268673 
5.860000 -2817200.718030 8493230.253147 7089973.289222 
5.870000 -2894539.491000 8726389.445085 7284609.776160 
5.880000 -2974001.396044 8965949.407862 7484589.494580 
5.890000 -3055644.718155 9212085.857765 7690059.128814 
5.900000 -3139529.342387 9464979.334908 7901169.390024 
5.910000 -3225716.797779 9724815.335656 8118075.126753 
5.920000 -3314270.302490 9991784.448691 8340935.438498 
5.930000 -3405254.810164 10266082.494802 8569913.792418 
5.940000 -3498737.057578 10547910.670522 8805178.143227 
5.950000 -3594785.613592 10837475.695705 9046901.056397 
5.960000 -3693470.929440 11134989.965153 9295259.834727 
5.970000 -3794865.390412 11440671.704407 9550436.648398 
5.980000 -3899043.368944 11754745.129816 9812618.668594 
5.990000 -4006081.279171 12077440.612996 10081998.204790 
6.000000 -4116057.632976 12408994.849810 10358772.845807 
6.010000 -4229053.097582 12749651.033980 10643145.604752 
6.020000 -4345150.554713 13099659.035472 10935325.067918 
6.030000 -4464435.161397 13459275.583773 11235525.547784 
6.040000 -4586994.412419 13828764.456200 11543967.240216 
6.050000 -4712918.204507 14208396.671381 11860876.385974 
6.060000 -4842298.902263 14598450.688046 12186485.436663 
6.070000 -4975231.405918 14999212.609277 12521033.225234 
6.080000 -5111813.220938 15410976.392359 12864765.141167 
6.090000 -5252144.529544 15834044.064399 13217933.310462 
6.100000 -5396328.264196 16268725.943866 13580796.780575 
6.110000 -5544470.183093 16715340.868199 13953621.710425 
6.120000 -5696678.947748 17174216.427683 14336681.565625 
6.130000 -5853066.202688 17645689.205726 14730257.319063 
6.140000 -6013746.657345 18130105.025749 15134637.656997 
6.150000 -6178838.170198 18627819.204843 15550119.190808 
6.160000 -6348461.835220 19139196.814392 15977006.674555 
6.170000 -6522742.070697 19664612.947852 16415613.228522 
6.180000 -6701806.710493 20204452.995882 16866260.568880 
6.190000 -6885787.097815 20759112.929024 17329279.243673 
6.200000 -7074818.181549 21328999.588149 17805008.875266 
6.210000 -7269038.615248 21914530.982869 18293798.409465 
6.220000 -7468590.858831 22516136.598150 18796006.371459 
6.230000 -7673621.283082 23134257.709334 19312001.128804 
6.240000 -7884280.277005 23769347.705814 19842161.161613 
6.250000 -8100722.358141 24421872.423593 20386875.340174 
6.260000 -8323106.285900 25092310.486976 20946543.210185 
6.270000 -8551595.178015 25781153.659632 21521575.285815 
6.280000 -8786356.630184 26488907.205308 22112393.350818 
6.290000 -9027562.839005 27216090.258433 22719430.767910 
6.300000 -9275390.728279 27963236.204906 23343132.796636 
6.310000 -9530022.078783 28730893.073325 23983956.919969 
6.320000 -9791643.661606 29519623.936971 24642373.179869 
6.330000 -10060447.375146 30330007.326817 25318864.522062 
6.340000 -10336630.385864 31162637.655879 26013927.150271 
6.350000 -10620395.272907 32018125.655214 26728070.890189 
6.360000 -10911950.176699 32897098.821889 27461819.563424 
6.370000 -11211508.951608 33800201.879251 28215711.371729 
6.380000 -11519291.322812 34728097.249824 28990299.291765 
6.390000 -11835523.047465 35681465.541197 29786151.480711 
6.400000 -12160436.080287 36661006.045246 30603851.693000 
6.410000 -12494268.743704 37667437.251061 31443999.708507 
6.420000 -12837265.902654 38701497.371956 32307211.772481 
6.430000 -13189679.144199 39763944.886944 33194121.047558 
6.440000 -13551766.962059 40855559.097082 34105378.078187 
6.450000 -13923794.946217 41977140.697080 35041651.267799 
6.460000 -14306035.977729 43129512.362610 36003627.369077 
6.470000 -14698770.428882 44313519.353738 36992011.987690 
6.480000 -15102286.368844 45530030.134915 38007530.099850 
6.490000 -15516879.774962 46779937.011992 39050926.584079 
6.500000 -15942854.749862 48064156.786727 40122966.767574 
6.510000 -16380523.744504 49383631.429251 41224436.987573 
6.520000 -16830207.787366 50739328.769002 42356145.168130 
6.530000 -17292236.719918 52132243.204624 43518921.412723 
6.540000 -17766949.438555 53563396.433353 44713618.613133 
6.550000 -18254694.143181 55033838.200428 45941113.075034 
6.560000 -18755828.592609 56544647.069077 47202305.160764 
6.570000 -19270720.366979 58096931.211638 48498119.949734 
6.580000 -19799747.137372 59691829.222396 49829507.916970 
6.590000 -20343296.942834 61330510.952742 51197445.630287 
6.600000 -20901768.475000 63014178.369253 52602936.466591 
6.610000 -21475571.370531 64744066.435327 54047011.347856 
6.620000 -22065126.511585 66521444.017027 55530729.497303 
6.630000 -22670866.334529 68347614.813789 57055179.216330 
6.640000 -23293235.147129 70223918.314677 58621478.682783 
6.650000 -23932689.454449 72151730.780898 60230776.771131 
6.660000 -24589698.293699 74132466.255281 61884253.895163 
6.670000 -25264743.578266 76167577.599470 63583122.873817 
6.680000 -25958320.451198 78258557.559599 65328629.820775 
6.690000 -26670937.648393 80406939.861208 67122055.058486 
6.700000 -27403117.871748 82614300.334227 68964714.057275 
6.710000 -28155398.172565 84882258.068846 70857958.400238 
6.720000 -28928330.345471 87212476.603102 72803176.774619 
6.730000 -29722481.333163 89606665.143086 74801795.990410 
6.740000 -30538433.642253 92066579.816635 76855282.026910 
6.750000 -31376785.770534 94594024.961442 78965141.108011 
6.760000 -32238152.645981 97190854.448540 81132920.807014 
6.770000 -33123166.077794 99858973.042097 83360211.181763 
6.780000 -34032475.219829 102600337.796563 85648645.940948 
6.790000 -34966747.046748 105416959.492155 87999903.642423 
6.800000 -35926666.843247 108310904.109762 90415708.924422 
6.810000 -36912938.706702 111284294.346327 92897833.770574 
6.820000 -37926286.063631 114339311.171845 95448098.809647 
6.830000 -38967452.200314 117478195.429087 98068374.650972 
6.840000 -40037200.808001 120703249.477259 100760583.256526 
6.850000 -41136316.543068 124016838.880763 103526699.350683 
6.860000 -42265605.602566 127421394.144338 106368751.868670 
6.870000 -43425896.315557 130919412.495820 109288825.444782 
6.880000 -44618039.750696 134513459.717853 112289061.941448 
6.890000 -45842910.340482 138206172.029876 115371662.020285 
6.900000 -47101406.522655 142000258.021783 118538886.756273 
6.910000 -48394451.399192 145898500.640660 121793059.296243 
6.920000 -49722993.413401 149903759.232071 125136566.562895 
6.930000 -51088007.045602 154018971.637370 128571861.005600 
6.940000 -52490493.527901 158247156.348599 132101462.399260 
6.950000 -53931481.578591 162591414.722543 135727959.692552 
6.960000 -55412028.156716 167054933.255557 139454012.906913 
6.970000 -56933219.237342 171640985.920853 143282355.087657 
6.980000 -58496170.608116 176352936.569944 147215794.308646 
6.990000 -60102028.687695 181194241.400019 151257215.732011 
7.000000 -61751971.366635 186168451.489046 155409583.724398 
7.010000 -63447208.871374 191279215.400476 159675944.031326 
7.020000 -65188984.651924 196530281.859448 164059426.011224 
7.030000 -66978576.293939 201925502.502467 168563244.930806 
7.040000 -68817296.455818 207468834.702562 173190704.323458 
7.050000 -70706493.831538 213164344.472005 177945198.412362 
7.060000 -72647554.139908 219016209.444711 182830214.600148 
7.070000 -74641901.140998 225028721.940523 187849336.026893 
7.080000 -76690997.680454 231206292.113604 193006244.198334 
7.090000 -78796346.762492 237553451.187274 198304721.686241 
7.100000 -80959492.652347 244074854.777640 203748654.902919 
7.110000 -83182022.008985 250775286.308474 209342036.951877 
7.120000 -85465565.048907 257659660.519835 215088970.556749 
7.130000 -87811796.741912 264733027.073013 220993671.070632 
7.140000 -90222438.039679 272000574.254431 227060469.568026 
7.150000 -92699257.138077 279467632.781240 233293816.021660 
7.160000 -95244070.774128 287139679.711370 239698282.566534 
7.170000 -97858745.558583 295022342.460940 246278566.853556 
7.180000 -100545199.345067 303121402.931936 253039495.495256 
7.190000 -103305402.636818 311442801.753221 259986027.606083 
7.200000 -106141380.032048 319992642.637959 267123258.439898 
7.210000 -109055211.708973 328777196.860663 274456423.127321 
7.220000 -112049034.951616 337802907.857156 281990900.515681 
7.230000 -115125045.717500 347076395.950797 289732217.114378 
7.240000 -118285500.248369 356604463.208473 297686051.148554 
7.250000 -121532716.725136 366394098.429877 305858236.724052 
7.260000 -124869076.968261 376452482.273772 314254768.106706 
7.270000 -128297028.184800 386786992.524975 322881804.119117 
7.280000 -131819084.763429 397405209.505930 331745672.658118 
7.290000 -135437830.118736 408314921.636849 340852875.336266 
7.300000 -139155918.586142 419524131.148482 350210092.250747 
7.310000 -142976077.368851 431041059.951728 359824186.883203 
7.320000 -146901108.538238 442874155.668367 369702211.134067 
7.330000 -150933891.089162 455032097.827365 379851410.495104 
7.340000 -155077383.051691 467523804.231267 390279229.363951 
7.350000 -159334623.660812 480358437.497374 400993316.504554 
7.360000 -163708735.585694 493545411.778489 412001530.657506 
7.370000 -168202927.220155 507094399.668152 423311946.304400 
7.380000 -172820495.036004 521015339.295459 434932859.590432 
7.390000 -177564826.000993 535318441.614635 446872794.409589 
7.400000 -182439400.063144 550014197.894730 459140508.656895 
7.410000 -187447792.703274 565113387.414923 471745000.652286 
7.420000 -192593677.557600 580627085.371080 484695515.740848 
7.430000 -197880829.112334 596566670.999370 498001553.074239 
7.440000 -203313125.472256 612943835.922884 511672872.578278 
7.450000 -208894551.205286 629770592.727400 525719502.111814 
7.460000 -214629200.265150 647059283.772563 540151744.822120 
7.470000 -220521278.994281 664822590.244960 554980186.702212 
7.480000 -226575109.209149 683073541.459718 570215704.355629 
7.490000 -232795131.370303 701825524.417456 585869472.974384 
7.500000 -239185907.839427 721092293.623600 601952974.535921 
7.510000 -245752126.225814 740887981.177251 618478006.225099 
7.520000 -252498602.824713 761227107.137033 635456689.087381 
7.530000 -259430286.150058 782124590.171491 652901476.919575 
7.540000 -266552260.564185 803595758.501881 670825165.404641 
7.550000 -273869750.007193 825656361.145355 689240901.497280 
7.560000 -281388121.828682 848322579.466806 708162193.067164 
7.570000 -289112890.724682 871611039.047837 727602918.806915 
7.580000 -297049722.782664 895538821.881552 747577338.412065 
7.590000 -305204439.637588 920123478.902140 768100103.040487 
7.600000 -313583022.742055 945383042.858409 789186266.058965 
7.610000 -322191617.753672 971336041.540738 810851294.084774 
7.620000 -331036539.042873 998001511.371139 833111078.330386 
7.630000 -340124274.324485 1025399011.366397 855981946.259611 
7.640000 -349461489.416437 1053548637.484529 879480673.563728 
7.650000 -359055033.129113 1082471037.365096 903624496.466385 
7.660000 -368911942.288930 1112187425.474157 928431124.366305 
7.670000 -379039446.899816 1142719598.665002 953918752.827058 
7.680000 -389444975.446399 1174089952.166057 980106076.923435 
7.690000 -400136160.342762 1206321496.007692 1007012304.954210 
7.700000 -411120843.530791 1239437871.899992 1034657172.531357 
7.710000 -422407082.232214 1273463370.573855 1063060957.056035 
7.720000 -434003154.858532 1308422949.598147 1092244492.591989 
7.730000 -445917567.083210 1344342251.685983 1122229185.147250 
7.740000 -458159058.080547 1381247623.503553 1153037028.375357 
7.750000 -470736606.935834 1419166134.995298 1184690619.707617 
7.760000 -483659439.231469 1458125599.239609 1217213176.928229 
7.770000 -496937033.813893 1498154592.849608 1250628555.204441 
7.780000 -510579129.746281 1539282476.933982 1284961264.584214 
7.790000 -524595733.452109 1581539418.633240 1320236487.974255 
7.800000 -538997126.054825 1624956413.247193 1356480099.611570 
7.810000 -553793870.919012 1669565306.969879 1393718684.042122 
7.820000 -568996821.398578 1715398820.248627 1431979555.620485 
7.830000 -584617128.797643 1762490571.784372 1471290778.544819 
7.840000 -600666250.549978 1810875103.190838 1511681187.441848 
7.850000 -617155958.622990 1860587904.330681 1553180408.516942 
7.860000 -634098348.152411 1911665439.347157 1595818881.284823 
7.870000 -651505846.314033 1964145173.410429 1639627880.896832 
7.880000 -669391221.438993 2018065600.198123 1684639541.081125 
7.890000 -687767592.379292 2073466270.130288 1730886877.712635 
7.900000 -706648438.130423 2130387819.379470 1778403813.030091 
7.910000 -726047607.718159 2188871999.677187 1827225200.517841 
7.920000 -745979330.356759 2248961708.938659 1877386850.470747 
7.930000 -766458225.886044 2310701022.728257 1928925556.260894 
7.940000 -787499315.494985 2374135226.588759 1981879121.325387 
7.950000 -809118032.739692 2439310849.258114 2036286386.895016 
7.960000 -831330234.863864 2506275696.798086 2092187260.484151 
7.970000 -854152214.430013 2575078887.659817 2149622745.162745 
7.980000 -877600711.269999 2645770888.712012 2208634969.631919 
7.990000 -901692924.763624 2718403552.258189 2269267219.125206 
8.000000 -926446526.454314 2793030154.070140 2331563967.158093 
8.010000 -951879673.011125 2869705432.465497 2395570908.149170 
8.020000 -978011019.546589 2948485628.458076 2461334990.936808 
8.030000 -1004859733.300162 3029428527.010432 2528904453.215942 
8.040000 -1032445507.697323 3112593499.418906 2598328856.920235 
8.050000 -1060788576.794618 3198041546.862234 2669659124.575555 
8.060000 -1089909730.121269 3285835345.145673 2742947576.651452 
8.070000 -1119830327.928201 3376039290.673453 2818247969.938010 
8.080000 -1150572316.855713 3468719547.683288 2895615536.976247 
8.090000 -1182158246.031241 3563944096.777581 2975107026.570959 
8.100000 -1214611283.609063 3661782784.786930 3056780745.415749 
8.110000 -1247955233.764042 3762307376.002498 3140696600.860753 
8.120000 -1282214554.151899 3865591604.814841 3226916144.854446 
8.130000 -1317414373.848804 3971711229.797792 3315502619.091757 
8.140000 -1353580511.783455 4080744089.277074 3406521001.401593 
8.150000 -1390739495.675160 4192770158.424403 3500038053.407830 
8.160000 -1428918581.491815 4307871607.918965 3596122369.498693 
8.170000 -1468145773.442047 4426132864.219281 3694844427.140472 
8.180000 -1508449844.516194 4547640671.489682 3796276638.572468 
8.190000 -1549860357.591174 4672484155.226810 3900493403.921076 
8.200000 -1592407687.114746 4800754887.632820 4007571165.771994 
8.210000 -1636123041.385039 4932546954.783226 4117588465.240550 
8.220000 -1681038485.441724 5067957025.638667 4230625999.581302 
8.230000 -1727186964.585585 5207084422.951207 4346766681.379158 
8.240000 -1774602328.543776 5350031196.117183 4466095699.365427 
8.250000 -1823319356.298455 5496902196.030031 4588700580.903416 
8.260000 -1873373781.597034 5647805151.988008 4714671256.189407 
8.270000 -1924802319.162739 5802850750.713197 4844100124.216103 
8.280000 -1977642691.624718 5962152717.539790 4977082120.546917 
8.290000 -2031933657.187437 6125827899.831167 5113714786.950841 
8.300000 -2087715038.059669 6293996352.686975 5254098342.948942 
8.310000 -2145027749.663934 6466781427.003072 5398335759.324989 
8.320000 -2203913830.647790 6644309859.948917 5546532833.654113 
8.330000 -2264416473.719023 6826711867.928790 5698798267.904912 
8.340000 -2326580057.327321 7014121242.095005 5855243748.171917 
8.350000 -2390450178.215698 7206675446.483192 6015984026.596898 
8.360000 -2456073684.865520 7404515718.841627 6181137005.539108 
8.370000 -2523498711.859682 7607787174.228560 6350823824.056199 
8.380000 -2592774715.189137 7816638911.453538 6525168946.759240 
8.390000 -2663952508.528665 8031224122.440791 6704300255.107020 
8.400000 -2737084300.508510 8251700204.594908 6888349141.206592 
8.410000 -2812223733.009196 8478228876.251204 7077450604.188862 
8.420000 -2889425920.507640 8710976295.295488 7271743349.229922 
8.430000 -2968747490.503403 8950113181.040213 7471369889.290748 
8.440000 -3050246625.054731 9195814939.446411 7676476649.649889 
8.450000 -3133983103.454875 9448261791.783283 7887214075.305840 
8.460000 -3220018346.079957 9707638906.819782 8103736741.327844 
8.470000 -3308415459.440578 9974136536.645176 8326203466.236100 
8.480000 -3399239282.470196 10247950156.218199 8554777428.494522 
8.490000 -3492556434.084221 10529280606.747168 8789626286.201492 
8.500000 -3588435362.044733 10818334243.006210 9030922300.066418 
8.510000 -3686946393.166642 11115323084.695679 9278842459.762280 
8.520000 -3788161784.902129 11420464971.957764 9533568613.746859 
8.530000 -3892155778.341202 11733983725.161375 9795287602.647861 
8.540000 -3999004652.667243 12056109309.073500 10064191396.309780 
8.550000 -4108786781.107486 12387078001.537451 10340477234.603018 
8.560000 -4221582688.419471 12727132566.781731 10624347772.098555 
8.570000 -4337475109.955635 13076522433.486635 10916011226.714273 
8.580000 -4456549052.349367 13435503877.739202 11215681532.441978 
8.590000 -4578891855.867038 13804340211.010715 11523578496.267139 
8.600000 -4704593258.471737 14183301973.294621 11839927959.396439 
8.610000 -4833745461.645719 14572667131.546547 12164961962.911411 
8.620000 -4966443198.019823 14972721283.571970 12498918917.969656 
8.630000 -5102783800.859488 15383757867.511074 12842043780.678484 
8.640000 -5242867275.458310 15806078377.074469 13194588231.769249 
8.650000 -5386796372.491539 16239992582.687632 13556810861.204176 
8.660000 -5534676663.383287 16685818758.706297 13928977357.851070 
8.670000 -5686616617.742755 17143883916.869436 14311360704.365059 
8.680000 -5842727682.926258 17614524046.161076 14704241377.420286 
8.690000 -6003124365.783425 18098084359.256889 15107907553.438448 
8.700000 -6167924316.647520 18594919545.736332 15522655319.965055 
8.710000 -6337248415.631495 19105394032.246048 15948788892.848484 
8.720000 -6511220861.293076 19629882249.805374 16386620839.381092 
8.730000 -6689969261.733914 20168768908.450016 16836472307.566101 
8.740000 -6873624728.199628 20722449279.415333 17298673261.678383 
8.750000 -7062321971.249377 21291329485.066235 17773562724.291954 
8.760000 -7256199399.565532 21875826796.786327 18261489024.951691 
8.770000 -7455399221.475889 22476369941.044830 18762810055.671680 
8.780000 -7660067549.262926 23093399413.865742 19277893533.447594 
8.790000 -7870354506.336576 23727367803.929935 19807117269.975655 
8.800000 -8086414337.349158 24378740124.547169 20350869448.776020 
8.810000 -8308405521.333224 25047994154.741512 20909548909.923862 
8.820000 -8536490887.945297 25735620789.700367 21483565442.596992 
8.830000 -8770837736.900785 26442124400.844162 22073340085.654594 
8.840000 -9011617960.687660 27168023205.780777 22679305436.467575 
8.850000 -9259008170.648920 27913849648.416130 23301905968.227020 
8.860000 -9513189826.526310 28680150789.499672 23941598355.963528 
8.870000 -9774349369.560326 29467488707.891277 24598851811.516533 
8.880000 -10042678359.244129 30276440912.843884 25274148427.699345 
8.890000 -10318373613.831676 31107600767.604233 25967983531.912319 
8.900000 -10601637354.703135 31961577924.642475 26680866049.463554 
8.910000 -10892677354.693459 32838998772.829849 27413318876.863583 
8.920000 -11191707090.492952 33740506896.892437 28165879265.367905 
8.930000 -11498945899.231573 34666763549.478027 28939099215.048660 
8.940000 -11814619139.361849 35618448136.182320 29733545879.684502 
8.950000 -12138958355.958416 36596258713.890244 30549801982.765652 
8.960000 -12472201450.555418 37600912502.797913 31388466244.919273 
8.970000 -12814592855.646336 38633146412.490822 32250153823.068695 
8.980000 -13166383713.974260 39693717582.464127 33135496761.648579 
8.990000 -13527832062.744102 40783403937.481438 34045144456.207020 
9.000000 -13899203022.891861 41903004758.179596 34979764129.734604 
9.010000 -14280768993.549784 43053341267.337845 35940041322.069855 
9.020000 -14672809851.850056 44235257232.241501 36926680392.739983 
9.030000 -15075613158.213566 45449619583.581909 37940405037.605820 
9.040000 -15489474367.274345 46697319051.346710 38981958819.689873 
9.050000 -15914697044.594372 47979270818.166748 40052105714.576874 
9.060000 -16351593089.327709 49296415190.598915 41151630670.786835 
9.070000 -16800482962.997307 50649718288.837288 42281340185.531700 
9.080000 -17261695924.552258 52040172755.358505 43442062896.277855 
9.090000 -17735570271.877941 53468798483.021072 44634650188.548454 
9.100000 -18222453589.936184 54936643363.152748 45859976820.411324 
9.110000 -18722703005.717457 56444784054.174713 47118941564.110542 
9.120000 -19236685450.192104 57994326771.326256 48412467865.312347 
9.130000 -19764777927.452774 59586408098.069267 49741504520.448875 
9.140000 -20307367791.245422 61222195819.767746 51107026372.656601 
9.150000 -20864853029.091759 62902889780.253738 52510035026.819916 
9.160000 -21437642554.211517 64629722761.908043 53951559584.244370 
9.170000 -22026156505.458694 66403961389.901222 55432657397.498398 
9.180000 -22630826555.491730 68226907061.258171 56954414845.977272 
9.190000 -23252096227.403709 70099896899.427673 58517948132.758072 
9.200000 -23890421220.044785 72024304735.057190 60124404103.330261 
9.210000 -24546269742.275497 74001542113.692215 61774961086.802292 
9.220000 -25220122856.396118 76033059331.139313 63470829760.201378 
9.230000 -25912474831.003941 78120346497.252426 65213254036.500290 
9.240000 -26623833503.537354 80264934628.922531 67003511977.022629 
9.250000 -27354720652.772594 82468396773.072464 68842916728.895737 
9.260000 -28105672381.546417 84732349160.480667 70732817488.238953 
9.270000 -28877239509.985401 87058452391.280060 72674600489.793610 
9.280000 -29669987979.530354 89448412653.001663 74669690023.720749 
9.290000 -30484499268.052101 91903982972.056442 76719549480.312347 
9.300000 -31321370816.363228 94426964499.573227 78825682423.382278 
9.310000 -32181216466.438538 97019207832.535950 80989633693.124466 
9.320000 -33064666911.665730 99682614371.189255 83212990539.247055 
9.330000 -33972370159.456497 102419137713.708038 85497383785.213776 
9.340000 -34904992006.557411 105230785089.153992 87844489024.446548 
9.350000 -35863216527.409203 108119618829.770218 90256027849.366638 
9.360000 -36847746575.912659 111087757883.693741 92733769114.175842 
9.370000 -37859304300.969185 114137379369.195633 95279530232.304123 
9.380000 -38898631676.174164 117270720171.588638 97895178509.475159 
9.390000 -39966491044.051682 120490078583.973724 100582632513.367706 
9.400000 -41063665675.229721 123797815993.029022 103343863480.877411 
9.410000 -42190960342.966110 127196358611.077560 106180896764.011292 
9.420000 -43349201913.446495 130688199255.704483 109095813315.475449 
9.430000 -44539239952.287445 134275899178.228867 112090751215.045654 
9.440000 -45761947347.689461 137962089942.371460 115167907237.840363 
9.450000 -47018220950.697037 141749475354.496277 118329538465.646683 
9.460000 -48308982233.035339 145640833446.841858 121577963942.480865 
9.470000 -49635177963.006088 149639018515.196960 124915566375.597961 
9.480000 -50997780899.938370 153746963212.515289 128344793883.198196 
9.490000 -52397790507.703766 157967680700.004791 131868161790.111969 
9.500000 -53836233687.819130 162304266857.269501 135488254472.780716 
9.510000 -55314165532.674820 166759902553.125031 139207727254.886780 
9.520000 -56832670099.440796 171337855978.753265 143029308355.022858 
9.530000 -58392861205.218254 176041485044.907715 146955800887.829590 
9.540000 -59995883244.020088 180874239844.927734 150990084920.069031 
9.550000 -61642912026.179375 185839665185.368408 155135119583.142273 
9.560000 -63335155640.801590 190941403186.102112 159393945243.600616 
9.570000 -65073855341.893227 196183195951.799072 163769685733.242432 
9.580000 -66860286458.816673 201568888316.746368 168265550640.431458 
9.590000 -68695759331.739288 207102430665.018677 172884837664.317200 
9.600000 -70581620272.762726 212787881828.069427 177630935033.684174 
9.610000 -72519252553.437546 218629412061.867554 182507323992.204407 
9.620000 -74510077419.387421 224631306105.763855 187517581351.915833 
9.630000 -76555555132.787216 230797966325.330383 192665382116.799896 
9.640000 -78657186043.459488 237133915941.478119 197954502178.382355 
9.650000 -80816511689.375183 243643802348.221741 203388821085.334869 
9.660000 -83035115927.365631 250332400521.524689 208972324889.108582 
9.670000 -85314626094.875290 257204616521.725220 214709109067.687164 
9.680000 -87656714203.607315 264265491092.112305 220603381529.603668 
9.690000 -90063098165.937561 271520203356.290894 226659465700.424866 
9.700000 -92535543054.996490 278974074617.048584 232881803693.966827 
9.710000 -95075862399.343384 286632572259.510254 239274959570.567841 
9.720000 -97685919513.182327 294501313761.443420 245843622684.808594 
9.730000 -100367628863.095871 302586070813.656006 252592611125.135315 
9.740000 -103122957472.298660 310892773553.508728 259526875247.908569 
9.750000 -105953926363.441223 319427514914.647461 266651501308.470123 
9.760000 -108862612041.022079 328196555096.145935 273971715191.891113 
9.770000 -111851148014.495621 337206326154.337097 281492886246.138123 
9.780000 -114921726363.192810 346463436720.701050 289220531220.468628 
9.790000 -118076599344.202774 355974676849.269958 297160318311.945007 
9.800000 -121318081044.394455 365747022997.106079 305318071323.034424 
9.810000 -124648549077.790161 375787643141.505371 313699773933.345093 
9.820000 -128070446329.536118 386103902037.680420 322311574088.631592 
9.830000 -131586282747.749008 396703366620.779419 331159788510.288757 
9.840000 -135198637184.553040 407593811556.203186 340250907328.641907 
9.850000 -138910159287.657806 418783224942.291565 349591598843.431885 
9.860000 -142723571443.864349 430279814169.561951 359188714414.986389 
9.870000 -146641670775.925201 442092011940.797729 369049293489.665833 
9.880000 -150667331194.222839 454228482456.402588 379180568763.269409 
9.890000 -154803505504.771606 466698127769.557190 389589971486.188965 
9.900000 -159053227575.089203 479510094315.840210 400285136914.201599 
9.910000 -163419614559.526611 492673779622.102417 411273909908.899902 
9.920000 -167905869185.688477 506198839199.515686 422564350691.866699 
9.930000 -172515282103.621094 520095193625.852234 434164740756.815918 
9.940000 -177251234299.491302 534373035822.189331 446083588944.035339 
9.950000 -182117199575.526428 549042838529.376404 458329637681.587463 
9.960000 -187116747098.034485 564115361989.749390 470911869397.845947 
9.970000 -192253544015.373627 579601661839.725708 483839513110.071350 
9.980000 -197531358147.790924 595513097219.070068 497122051193.858704 
9.990000 -202954060751.103638 611861339102.778564 510769226338.422729 
10.000000 -208525629356.250092 628658378861.692749 524791048692.821716 
